100 100
22 66 92 61 7 7 74 24 31 43 41 57 87 51 66 61 12 57 85 90 35 35 5 63 27 56 93 78 18 34 64 92 0 8 53 59 68 28 35 99 71 76 56 10 27 22 72 91 31 57 33 18 44 38 82 71 94 27 1 12 61 17 56 13 26 10 72 94 38 59 93 61 35 1 23 15 75 95 6 58 4 92 77 49 30 59 72 77 38 74 41 99 91 98 64 69 8 88 63 98 
47 8 11 34 9 34 49 36 82 8 95 86 0 24 87 82 83 12 59 21 86 53 72 29 51 88 99 11 76 14 9 23 23 20 57 84 6 7 73 88 67 68 27 19 92 14 1 27 78 13 0 16 18 24 46 69 12 97 32 88 63 41 11 38 13 68 75 19 27 48 60 94 68 87 65 60 53 67 39 32 32 39 48 50 63 46 71 27 95 3 15 11 96 78 1 61 46 76 80 26 
76 92 72 44 79 38 56 85 57 95 69 41 86 69 43 1 68 14 28 63 69 43 26 65 21 28 26 20 56 58 98 33 51 70 77 82 8 34 67 17 81 88 58 68 58 1 69 26 15 98 41 36 93 68 53 67 48 31 39 4 90 37 37 93 59 67 27 68 53 47 85 34 35 96 54 93 97 24 19 65 74 61 1 19 81 55 38 29 38 29 85 80 66 23 25 26 42 53 46 95 
0 83 81 87 79 36 81 77 12 52 42 38 65 95 57 46 2 48 27 41 77 13 21 96 88 47 74 30 52 20 77 4 55 58 91 35 46 24 64 10 29 58 48 94 53 58 93 8 6 20 1 35 33 22 31 73 21 5 3 25 77 32 29 33 43 73 20 89 49 84 0 78 42 0 25 47 58 18 7 16 38 8 4 24 83 35 97 56 93 53 82 70 85 63 55 28 36 75 70 38 
59 22 16 53 22 41 53 33 59 60 1 50 69 5 26 52 93 23 8 86 28 42 8 14 6 64 42 94 91 64 32 3 86 49 56 9 42 61 42 54 22 43 4 43 1 82 95 94 57 55 32 86 98 40 0 56 56 94 50 48 59 83 51 45 84 59 6 26 21 0 80 43 96 36 86 97 70 33 91 28 40 75 14 38 15 14 94 72 60 97 72 71 80 23 69 64 34 75 42 55 
28 75 50 24 63 88 73 34 73 16 62 14 91 76 4 6 42 99 30 2 96 2 26 28 77 95 44 12 22 86 67 50 13 70 74 77 58 47 11 32 63 25 98 54 1 2 13 95 53 43 49 1 98 75 29 27 70 73 39 45 12 59 95 25 29 22 54 39 21 65 23 37 90 21 43 43 76 56 38 29 52 88 31 2 63 60 29 86 86 21 31 50 80 78 27 61 0 82 52 22 
99 28 11 90 49 54 85 77 11 24 7 15 12 38 17 27 50 98 13 88 19 96 38 99 75 18 12 27 0 17 1 99 45 12 41 46 67 27 24 30 3 31 45 15 21 14 94 71 64 60 12 84 56 2 35 83 20 48 63 20 65 64 72 62 77 65 8 96 92 32 26 95 15 23 62 36 89 9 8 53 69 72 37 77 74 25 13 95 25 76 67 42 40 39 4 69 5 12 17 49 
97 43 97 12 18 11 49 59 20 9 13 41 81 2 71 55 27 84 2 4 12 70 46 4 61 50 26 66 15 43 68 12 39 17 24 57 28 25 69 1 34 82 94 67 36 65 75 16 1 77 20 13 47 67 18 9 69 96 27 84 39 95 48 78 12 25 88 93 50 57 46 37 91 40 4 27 6 31 95 59 9 16 73 56 35 43 17 4 91 45 41 30 92 89 9 57 14 49 50 65 
6 96 54 97 88 10 76 46 42 72 6 51 88 31 59 75 26 77 79 17 22 20 47 14 10 8 23 76 57 73 93 15 21 47 64 62 58 41 8 52 13 66 3 53 97 14 28 75 91 59 92 65 32 92 80 42 52 3 70 10 29 64 77 2 11 42 64 21 83 25 73 48 91 28 53 89 43 33 64 34 92 9 0 24 53 32 18 5 87 89 67 68 5 45 71 68 87 87 90 22 
12 15 70 4 44 75 45 39 8 61 25 52 70 77 77 23 61 47 81 49 88 48 17 93 93 40 62 32 28 4 54 92 19 76 96 15 3 41 6 11 3 32 64 25 9 93 1 71 40 82 72 81 30 41 74 76 82 88 60 62 92 15 54 64 43 3 79 47 96 86 10 51 70 26 29 79 19 30 2 12 12 74 93 94 68 67 22 50 8 83 64 0 50 70 64 93 73 96 92 22 
34 55 73 4 81 2 35 1 84 90 65 96 16 58 43 84 77 65 34 85 48 50 86 98 21 2 44 46 98 36 68 84 91 94 88 25 96 76 26 81 66 43 29 82 1 24 67 30 90 53 16 38 4 54 89 77 8 33 23 7 21 44 43 65 38 84 90 86 60 68 19 78 11 49 60 12 25 79 94 15 85 10 6 41 16 95 18 25 80 41 84 53 85 27 18 75 11 8 62 23 
28 81 1 39 82 14 3 8 45 98 75 30 8 81 71 77 28 89 2 60 83 86 14 20 13 32 48 77 93 10 0 21 43 2 61 26 68 16 86 13 14 61 44 75 95 67 52 75 57 54 36 92 40 2 64 5 34 12 82 79 74 83 1 18 37 14 96 5 30 82 18 97 95 62 72 42 82 24 70 91 30 58 83 70 60 99 27 46 12 10 26 86 93 79 56 82 93 52 87 75 
86 5 72 34 20 96 28 2 20 98 93 2 56 28 24 68 27 52 15 91 62 93 30 7 24 86 89 69 91 28 44 77 85 69 63 57 65 92 11 38 42 4 40 51 84 65 19 64 17 86 7 31 31 37 90 55 76 31 24 67 59 21 96 96 90 12 54 55 56 65 45 98 22 86 49 6 51 21 22 20 59 30 51 43 19 93 50 95 24 27 14 35 48 63 31 90 75 85 97 31 
51 43 81 25 29 83 31 32 56 6 52 15 36 55 10 55 0 61 3 24 40 17 11 88 80 42 30 7 80 27 38 83 22 20 8 3 3 91 87 59 97 39 26 85 46 89 41 46 50 44 22 42 13 33 30 46 28 12 53 60 91 44 95 14 16 55 69 19 46 57 30 96 48 8 81 95 97 74 93 99 70 68 41 84 53 23 82 33 35 35 93 79 79 88 45 95 43 14 66 42 
71 48 90 20 57 71 67 6 98 12 58 20 80 51 56 86 75 38 19 62 74 13 41 5 53 86 53 49 53 19 43 24 20 33 96 29 56 15 35 6 80 45 27 12 97 83 98 72 22 18 86 48 83 80 53 88 18 6 89 71 78 32 48 98 17 96 27 74 12 14 80 44 60 7 56 57 43 55 81 65 25 19 65 60 99 18 48 70 77 38 41 7 22 89 57 40 38 36 66 50 
50 46 46 62 6 2 71 49 9 52 66 34 24 31 94 75 1 95 45 30 85 39 89 7 28 46 99 18 34 65 20 85 64 66 99 70 69 71 71 78 75 89 65 99 72 11 27 73 6 72 56 43 11 45 51 92 44 2 10 78 68 31 15 32 97 15 54 18 86 77 49 13 66 66 65 38 77 92 63 36 64 19 79 28 17 82 20 61 37 82 39 5 65 55 89 15 70 43 85 8 
20 34 73 38 0 38 76 30 30 91 18 47 11 49 75 28 84 47 89 21 81 80 26 47 35 15 62 57 10 47 17 82 34 91 20 86 29 48 68 60 39 86 7 2 36 34 30 20 81 71 41 62 52 19 61 39 86 75 49 96 75 66 30 9 9 2 47 39 50 16 51 41 2 10 44 90 44 26 10 25 50 3 39 54 22 1 45 8 28 94 56 3 13 86 64 22 88 12 61 90 
80 64 84 82 74 80 25 18 6 35 95 8 91 87 62 13 40 8 74 68 2 30 72 15 69 88 90 9 0 51 52 80 16 36 15 42 16 40 61 74 27 56 83 18 43 45 84 83 5 58 4 8 88 76 75 9 64 65 19 17 69 71 49 37 59 16 79 27 8 92 1 36 49 84 6 44 82 90 80 87 0 84 47 41 12 75 50 28 92 21 97 13 92 99 50 3 15 82 30 24 
74 32 12 75 68 70 72 2 61 4 90 61 40 89 2 52 16 5 32 9 26 82 22 71 81 25 74 48 7 5 24 33 89 36 9 9 7 81 12 20 85 54 33 25 95 88 29 12 45 13 73 71 47 95 42 28 72 69 29 79 26 53 13 67 90 74 76 49 7 88 21 92 94 6 69 90 46 50 2 91 15 75 63 63 22 57 43 95 26 72 26 4 78 91 71 68 17 48 69 24 
88 42 68 35 48 89 25 95 91 79 86 7 6 1 22 28 59 17 75 37 42 54 94 20 97 65 40 15 65 61 39 6 3 8 41 3 97 66 50 89 97 89 48 3 90 70 31 1 39 59 91 33 65 85 53 62 50 45 77 68 6 17 74 61 25 67 65 22 33 67 63 30 56 11 33 47 33 16 0 73 27 91 6 92 28 12 55 79 57 84 99 16 1 25 77 26 92 94 1 77 
62 16 7 18 28 92 17 61 60 70 86 40 13 45 84 42 9 91 73 18 76 72 34 77 97 12 56 89 58 9 66 20 25 25 91 5 69 60 19 81 30 5 21 44 2 6 86 63 97 59 82 25 83 16 3 32 80 59 73 39 68 91 11 45 16 2 51 37 15 70 18 45 27 92 41 82 50 79 45 99 90 79 25 73 96 28 5 28 39 78 67 59 69 31 56 37 33 7 74 48 
29 45 46 57 89 39 39 39 19 36 90 9 16 67 35 64 47 40 92 86 71 12 97 92 43 54 82 76 13 56 77 43 53 75 0 94 14 91 33 33 27 76 95 95 43 30 59 91 22 52 29 93 16 79 38 59 33 20 87 46 28 64 89 34 39 41 28 6 32 62 39 12 90 34 7 85 16 19 76 39 23 58 84 39 37 74 98 22 94 85 20 23 2 10 57 93 3 85 99 36 
99 91 0 41 77 59 27 94 30 55 85 53 13 21 92 2 96 42 24 90 80 97 65 82 7 22 27 62 60 27 50 11 70 50 53 47 62 32 93 92 87 78 98 53 0 90 7 96 85 84 38 65 81 4 99 40 78 26 2 90 5 53 2 75 55 7 23 69 91 68 62 78 47 60 83 99 2 43 47 39 27 85 56 8 89 55 0 68 34 54 58 39 7 12 67 15 19 42 84 62 
10 98 93 9 10 76 8 65 71 55 4 98 41 61 58 82 68 58 50 2 13 61 94 72 73 13 39 45 55 76 7 65 26 0 27 37 29 35 2 0 43 58 51 36 19 9 18 40 20 69 94 85 82 88 9 55 1 1 0 8 77 60 26 3 12 53 92 41 40 46 94 83 5 45 71 76 6 90 68 78 11 63 63 93 3 25 48 5 26 1 65 3 13 91 58 25 44 3 19 85 
1 65 20 58 62 92 87 68 34 55 47 45 18 62 38 22 87 38 79 65 91 44 20 56 36 31 82 32 34 53 69 35 18 42 46 32 86 33 0 20 88 99 65 59 14 55 33 53 45 12 19 89 8 39 45 96 70 79 29 4 84 50 92 2 92 38 86 78 23 87 50 63 38 67 22 52 74 55 58 20 19 77 61 28 16 6 24 87 38 5 43 22 8 87 77 52 77 63 83 0 
2 33 64 93 1 38 97 75 94 55 47 13 32 8 93 49 67 70 88 57 27 31 79 35 19 8 88 48 24 71 49 26 56 65 19 57 3 17 85 97 24 32 63 57 93 8 58 12 78 46 69 6 29 0 93 0 9 33 49 85 56 98 11 13 15 83 22 18 52 7 16 76 92 31 85 85 39 43 49 70 41 18 28 71 70 21 23 31 7 72 16 15 22 28 28 37 63 3 56 15 
10 24 43 2 7 29 39 46 24 88 16 66 58 96 89 29 18 12 60 77 85 77 92 59 57 73 97 20 76 5 87 86 29 30 41 88 11 32 34 36 21 3 54 31 99 43 60 69 55 73 46 92 2 91 4 59 64 1 31 40 58 70 78 39 52 19 27 64 52 13 52 25 16 6 8 68 49 69 37 56 94 36 1 96 27 5 7 43 58 90 83 16 12 61 55 64 33 82 80 37 
47 32 14 64 90 22 32 39 43 21 48 37 9 49 33 36 54 40 79 64 82 14 80 94 28 87 59 61 21 91 50 68 76 64 32 66 86 16 58 30 90 6 19 99 7 53 88 13 45 19 77 80 34 57 74 62 96 85 75 17 77 25 85 53 41 70 71 79 38 29 61 28 35 81 28 94 34 16 7 31 87 84 11 21 93 38 35 89 23 10 58 52 87 44 5 80 66 29 60 4 
58 21 33 46 2 13 40 88 81 48 72 68 84 83 42 30 21 77 71 97 40 30 49 79 26 7 60 44 36 20 48 94 93 33 40 96 98 81 36 79 81 8 0 17 44 42 47 17 71 71 14 63 1 64 43 79 71 55 23 59 27 23 53 20 57 46 68 7 79 57 39 12 65 39 29 9 33 29 79 56 0 93 20 53 9 15 84 80 70 7 91 97 30 45 69 39 43 38 47 22 
95 38 86 12 77 15 74 62 96 53 18 96 46 38 1 56 5 85 88 75 92 80 24 75 77 94 66 72 32 65 46 79 3 32 91 32 99 65 94 96 18 13 92 17 3 94 25 61 79 13 36 24 45 61 99 74 55 17 46 39 83 92 18 86 76 61 19 76 27 65 72 97 30 64 66 86 10 91 47 42 57 83 66 2 96 17 29 3 34 75 42 69 20 12 8 96 74 27 72 53 
44 96 50 75 13 69 61 23 60 8 65 69 43 83 24 92 0 53 95 87 80 90 56 52 2 64 49 76 43 73 29 88 22 32 15 35 1 76 58 13 36 76 83 31 59 7 23 60 12 71 99 92 61 55 45 63 72 46 92 15 71 21 55 93 5 22 28 6 98 39 72 86 15 7 70 26 66 45 38 78 16 37 22 29 45 19 45 17 65 37 84 89 58 92 34 64 14 15 22 65 
54 94 51 21 53 73 99 19 19 38 97 87 75 20 17 20 91 14 89 57 51 74 98 61 18 32 25 32 99 0 97 53 46 1 26 0 74 26 19 45 16 69 33 43 41 2 64 32 16 5 41 19 31 39 80 49 24 58 82 23 58 31 29 4 32 7 56 59 33 76 56 1 45 89 45 86 43 61 18 11 66 60 82 98 51 63 99 75 21 81 51 31 65 80 87 97 87 44 8 73 
72 65 74 17 6 19 55 2 32 25 65 99 37 48 49 41 11 48 16 84 82 67 15 47 99 2 96 87 46 5 12 18 22 86 87 28 58 94 82 90 72 48 41 9 48 42 50 59 91 19 95 73 38 10 72 90 64 68 77 63 25 41 33 47 27 21 28 37 67 10 80 39 10 73 1 58 16 3 69 59 74 64 32 13 26 4 3 43 24 32 6 50 73 39 49 52 12 29 42 80 
40 74 71 2 47 72 13 15 76 82 74 2 99 58 15 77 14 70 20 39 54 78 41 79 18 90 32 82 20 26 62 12 0 86 66 99 58 79 15 86 62 89 89 13 0 56 42 14 79 63 53 85 93 94 65 11 37 49 94 9 75 8 73 27 94 39 78 5 71 93 43 85 35 84 98 35 41 40 1 72 55 55 57 49 1 74 12 90 23 58 99 50 19 24 29 65 16 8 70 87 
53 66 72 40 50 22 27 43 14 29 15 22 36 25 71 37 99 35 28 75 94 79 77 65 56 7 30 72 67 53 11 72 19 35 13 69 9 92 13 23 21 80 97 57 5 20 47 57 56 27 32 2 58 9 67 14 68 49 38 35 2 49 60 21 84 73 43 93 65 8 69 39 88 66 48 94 39 47 51 95 74 35 49 33 44 16 99 65 65 38 52 20 87 12 93 24 37 36 69 3 
44 90 94 33 9 94 79 48 42 82 43 68 17 92 53 13 60 53 30 77 43 83 97 82 95 91 6 33 79 28 88 24 18 34 9 79 28 40 27 22 22 22 91 91 66 44 4 78 49 35 56 92 70 5 75 65 48 33 50 80 13 90 56 32 24 65 63 53 5 91 75 79 65 18 70 32 15 26 10 64 61 18 57 83 76 84 49 76 17 51 56 83 42 12 15 66 77 30 71 34 
73 99 65 39 17 35 23 84 14 33 49 27 4 58 11 80 42 60 56 11 63 65 94 5 77 61 24 7 92 95 93 17 46 59 56 16 46 79 0 60 65 49 88 69 7 99 1 1 11 9 65 74 74 11 32 4 25 56 11 69 3 4 86 50 15 43 18 14 22 18 74 39 20 14 8 27 13 61 81 76 23 98 3 49 9 35 53 34 43 16 3 98 73 90 0 40 33 18 54 7 
37 29 47 57 43 7 36 9 21 69 37 96 67 40 45 77 27 51 63 70 19 67 21 92 9 21 33 94 40 87 53 29 68 0 86 12 60 74 73 33 44 10 29 63 51 26 92 30 29 56 53 49 75 74 41 84 95 26 78 87 66 31 16 34 84 54 98 96 29 71 81 25 34 10 88 85 88 81 67 18 37 20 67 64 94 60 48 42 39 78 29 5 61 46 39 97 0 38 45 81 
61 26 6 95 88 95 32 77 28 0 47 17 20 14 81 67 26 81 9 65 11 38 70 72 36 62 22 89 0 67 70 61 94 77 9 82 24 41 59 52 93 6 21 66 72 2 33 51 35 42 16 46 32 39 18 69 1 92 58 53 60 80 66 6 57 75 88 33 69 0 37 62 58 58 28 83 60 13 34 95 55 2 93 40 93 64 9 94 56 19 99 68 99 66 74 9 93 63 42 62 
15 32 77 25 90 57 8 3 71 94 50 26 49 44 18 42 8 27 89 16 98 88 85 50 6 59 59 0 74 53 62 89 85 91 15 28 49 75 31 20 70 33 98 19 77 17 61 37 96 2 54 47 91 39 97 97 50 8 49 25 13 64 14 51 55 81 79 4 57 62 76 27 95 75 98 25 44 59 14 92 62 68 39 5 59 36 54 10 96 4 35 10 68 1 61 23 83 92 80 40 
6 8 19 1 35 17 78 79 28 93 72 42 13 63 47 73 0 2 35 48 58 22 58 26 75 71 1 58 63 33 50 21 42 21 23 77 38 53 9 19 46 33 61 60 96 61 85 48 63 72 97 73 94 7 99 69 79 52 80 94 86 82 16 80 4 91 9 94 44 70 13 43 3 75 3 52 36 40 0 51 12 49 24 6 57 75 27 36 79 7 82 65 90 50 97 46 41 59 40 86 
29 6 29 85 81 84 37 69 76 89 72 88 39 48 46 48 75 25 84 54 85 18 72 27 69 69 73 10 28 13 48 10 71 29 95 52 65 32 73 41 73 97 81 12 45 79 60 72 5 96 27 90 67 99 17 36 20 90 98 1 55 99 11 27 80 6 31 98 90 57 91 63 54 73 28 52 52 40 76 9 89 3 99 56 54 16 44 75 58 94 76 66 93 87 93 26 45 76 76 35 
33 67 50 40 92 78 44 45 71 20 54 60 76 6 16 30 22 12 57 33 6 33 99 52 72 92 78 69 20 6 4 6 73 55 98 66 85 42 63 56 14 17 16 90 75 84 21 98 96 78 31 55 64 82 7 88 26 37 58 46 43 14 52 68 21 50 34 7 44 97 15 59 67 32 1 42 68 74 92 17 53 75 72 69 57 31 9 83 20 67 30 15 82 34 83 55 37 18 62 81 
67 78 92 34 62 94 77 82 68 21 99 73 97 23 94 6 6 4 90 26 23 72 41 5 58 25 13 95 95 75 29 62 5 21 49 67 67 78 50 36 99 1 9 48 25 56 55 31 60 97 10 83 21 3 41 79 80 54 27 75 81 56 90 87 29 39 6 97 17 8 85 68 10 46 17 87 2 72 70 62 21 80 98 42 84 39 73 16 45 0 92 26 8 34 13 90 73 72 39 42 
80 24 10 90 70 27 29 25 51 0 39 72 32 37 66 68 28 40 85 73 92 77 52 53 63 17 43 36 89 82 78 70 58 88 60 80 16 90 5 67 42 45 92 74 82 58 43 63 98 28 88 43 57 40 96 20 58 39 8 47 73 86 17 83 26 30 63 94 72 69 14 14 14 6 40 48 64 83 63 15 63 52 58 72 92 6 44 50 97 52 50 70 90 67 53 17 49 16 11 21 
37 25 87 3 83 28 4 0 11 67 67 27 19 77 99 12 83 44 14 80 48 64 2 39 32 55 56 81 23 19 55 13 97 42 16 80 70 20 32 34 88 99 13 7 76 12 71 11 8 86 91 57 50 93 96 34 0 4 68 24 23 23 37 72 17 5 5 40 26 37 74 66 89 87 25 65 51 97 77 60 35 20 69 37 14 65 72 14 21 92 90 96 15 79 69 84 85 74 24 63 
63 50 29 52 89 6 70 93 55 99 5 90 19 74 28 85 91 52 52 12 44 42 8 11 22 77 95 59 3 72 22 67 74 3 71 64 9 41 57 17 92 14 7 64 88 87 49 79 39 1 91 35 96 51 46 70 81 94 29 84 66 3 3 40 58 75 56 19 68 65 36 13 79 44 77 67 83 26 98 23 80 41 58 76 93 57 46 74 51 27 10 69 82 14 61 40 41 18 59 61 
83 48 74 15 44 51 34 27 30 33 2 62 74 13 38 19 70 36 93 21 15 4 42 97 70 3 37 11 21 48 72 57 48 99 72 92 2 58 20 84 91 74 46 18 87 36 37 57 72 83 30 39 87 72 36 57 76 25 20 49 26 44 6 74 43 30 19 46 89 39 30 32 65 29 50 53 65 40 10 90 23 41 29 10 65 66 19 41 43 39 91 69 83 49 96 79 80 15 77 21 
6 59 53 71 88 56 24 54 48 87 44 71 80 73 33 45 91 52 87 87 43 30 56 78 79 4 57 11 19 86 32 77 46 38 1 34 46 77 88 94 64 84 17 44 10 50 90 53 54 29 40 49 59 49 27 90 53 37 2 25 23 86 2 69 76 55 56 22 33 96 68 97 81 85 42 43 87 84 96 41 13 37 90 24 86 70 14 91 7 16 16 82 55 71 4 31 26 60 6 59 
56 26 9 89 64 3 84 51 87 81 93 0 70 35 76 8 5 90 99 64 59 16 47 14 39 51 97 65 11 55 77 19 34 86 61 98 89 45 49 76 78 94 28 48 30 4 56 87 46 8 52 5 24 99 71 15 50 21 80 13 28 9 84 62 95 45 60 36 43 62 64 21 56 92 22 38 48 78 26 95 38 78 52 62 29 24 29 31 97 10 96 25 19 80 88 67 78 0 3 73 
62 68 94 71 12 16 61 13 47 39 60 85 69 64 0 98 88 29 81 85 91 77 63 63 10 51 82 40 51 85 13 66 5 59 89 70 28 50 83 27 90 95 12 59 59 64 10 0 46 91 37 89 21 0 52 31 3 34 23 55 72 36 73 29 95 62 99 75 64 34 2 54 81 67 66 41 31 28 93 29 71 30 19 92 31 23 23 34 10 46 41 82 34 66 63 82 28 63 57 93 
49 60 99 83 27 17 24 10 45 17 92 17 99 11 61 82 34 37 69 44 35 62 78 70 29 42 52 57 57 61 2 58 73 54 41 52 71 17 15 69 34 7 38 86 18 99 68 4 36 37 1 72 0 79 94 29 73 98 38 30 59 93 41 85 47 82 37 70 0 52 91 86 59 81 72 29 81 93 34 69 30 87 93 82 66 87 63 92 37 54 22 49 47 63 34 46 98 71 68 98 
76 60 84 35 41 9 17 74 2 3 96 84 90 41 67 56 81 82 48 18 36 23 67 35 38 1 33 88 25 2 86 1 14 23 88 55 32 57 82 86 60 30 70 50 71 89 59 52 72 59 71 60 82 38 96 73 92 29 61 69 83 0 22 97 23 62 5 7 20 87 45 80 17 15 31 88 5 42 93 29 1 64 89 36 54 37 61 98 19 22 67 2 74 89 0 49 52 5 56 72 
44 1 4 13 69 87 53 26 29 46 55 83 10 96 19 17 34 80 15 5 54 35 7 29 24 59 30 28 16 87 52 12 40 57 25 61 96 79 87 78 25 94 61 36 91 80 5 77 12 20 34 18 55 93 99 32 53 30 12 21 69 65 34 61 74 59 23 22 90 62 0 16 9 61 4 52 93 9 29 5 81 15 76 89 8 75 21 13 57 33 35 26 50 21 88 76 32 63 99 23 
77 99 39 86 61 43 38 54 4 19 12 85 34 40 74 95 67 47 8 25 33 95 51 83 16 91 60 49 6 59 72 84 10 63 22 71 58 61 78 62 32 42 99 67 82 26 62 49 73 22 74 6 18 78 42 86 21 54 35 80 65 59 64 75 74 86 99 32 99 29 46 32 71 98 51 5 24 65 54 49 87 81 8 57 11 50 44 84 56 31 64 21 43 28 48 17 67 47 2 18 
76 48 2 99 46 53 4 22 18 11 72 58 92 32 15 55 34 59 39 90 91 4 63 86 84 11 3 3 11 5 22 39 6 24 39 4 30 95 79 0 6 3 58 50 35 74 5 69 85 45 59 28 1 74 14 85 37 18 89 48 75 63 40 33 39 31 90 69 26 69 70 33 72 28 83 7 54 89 76 40 86 87 68 39 13 35 24 50 5 65 51 80 28 91 66 20 22 56 89 48 
25 59 33 97 40 17 56 94 58 84 86 96 71 7 35 36 42 11 86 99 29 37 31 9 80 97 29 2 53 19 3 30 30 36 27 70 5 83 17 15 19 55 63 90 14 50 26 56 62 65 7 43 2 39 52 83 36 82 37 90 53 92 20 83 29 0 6 86 35 23 54 55 30 17 97 45 68 76 53 82 41 61 25 95 0 77 30 36 11 20 78 64 12 51 48 93 3 54 80 90 
29 34 45 59 3 95 56 71 71 10 53 64 71 78 11 23 8 94 11 19 14 42 84 26 93 84 72 48 38 52 38 19 38 84 30 41 31 87 13 2 49 18 18 72 49 29 95 57 23 6 76 37 0 12 16 45 96 88 93 86 92 32 5 30 68 88 23 99 75 88 53 76 7 71 48 56 52 43 65 76 1 93 65 54 6 33 99 2 73 93 89 65 77 46 47 97 34 23 48 61 
11 1 37 70 24 85 26 28 80 43 4 34 37 22 88 43 7 87 97 81 32 86 98 61 85 98 58 71 21 6 33 32 59 22 55 35 60 81 64 92 25 20 26 62 42 66 57 2 6 54 83 90 93 33 52 78 31 10 1 4 69 86 89 28 9 44 16 69 25 80 13 2 0 40 16 95 58 25 97 16 80 32 7 25 65 59 55 49 21 56 53 90 43 42 71 52 86 87 73 64 
19 86 18 71 78 87 18 89 12 15 5 44 99 12 69 17 23 24 66 45 81 71 87 24 66 58 28 4 97 53 20 16 39 91 88 70 78 6 59 42 74 64 87 25 29 56 42 52 33 60 49 14 84 37 90 50 47 70 6 45 23 27 13 62 18 53 32 48 12 91 90 86 8 29 63 37 38 58 41 71 18 43 37 54 80 79 4 79 49 11 24 72 90 90 86 60 43 71 8 55 
14 50 93 22 80 57 11 70 15 5 93 85 48 30 40 80 61 96 59 10 59 36 34 49 26 72 9 69 43 69 25 10 20 70 32 52 27 96 74 94 53 67 32 1 49 72 81 10 68 92 72 28 28 6 29 54 30 39 76 74 60 53 84 80 23 68 84 3 16 58 49 69 25 81 70 74 53 3 36 74 48 8 54 76 66 83 83 97 74 11 71 87 64 7 67 39 27 4 42 44 
62 44 13 40 25 36 66 31 91 3 5 39 11 11 68 78 46 51 75 73 62 98 60 78 5 79 17 32 83 60 28 46 4 42 38 81 30 4 12 21 7 69 61 71 32 29 49 79 32 76 52 46 74 64 24 31 43 41 15 27 53 44 25 9 38 63 91 20 19 55 41 27 25 54 98 57 35 99 88 67 75 92 13 1 56 37 84 0 31 51 79 84 47 56 94 37 19 37 57 38 
92 99 17 69 53 67 79 89 66 67 8 93 12 74 46 68 63 30 20 94 82 51 79 81 7 25 19 78 14 76 17 6 27 86 76 81 54 7 22 20 74 82 14 86 56 60 7 20 43 79 14 77 31 45 58 38 22 29 17 36 6 86 95 33 72 23 66 26 30 40 99 56 75 65 43 31 77 2 3 20 81 70 49 12 67 60 3 42 89 20 78 47 6 25 33 30 48 51 9 30 
92 8 87 19 73 82 2 2 84 6 23 17 28 24 30 95 84 33 89 26 5 68 25 63 45 58 93 94 10 2 76 54 62 63 73 87 45 75 90 81 33 65 99 13 89 81 61 26 14 50 4 71 70 29 34 16 40 27 62 50 82 38 56 44 54 29 84 51 56 74 33 42 39 84 55 80 65 16 58 31 67 62 2 37 44 88 5 84 15 67 86 49 58 42 46 12 71 30 63 79 
4 48 21 95 32 29 75 49 45 34 80 64 48 34 54 92 22 59 28 90 79 14 39 37 56 85 1 79 67 64 11 71 13 32 66 97 13 94 47 59 80 27 75 28 14 29 73 36 89 1 26 68 68 18 57 24 55 58 56 23 74 67 94 39 51 13 37 65 59 84 24 39 63 99 19 29 81 92 66 70 46 44 90 66 62 99 42 70 57 98 93 83 65 39 23 69 4 60 34 63 
96 10 54 11 61 74 41 42 18 59 64 16 3 54 82 18 5 25 88 14 75 33 98 93 72 21 62 77 33 96 92 81 6 47 92 67 21 85 10 91 44 74 8 0 81 42 18 86 19 58 1 95 43 99 88 15 72 50 44 57 98 89 38 4 36 82 23 9 68 33 0 12 60 60 12 93 55 82 79 74 92 32 69 35 83 9 3 55 11 99 12 9 88 2 65 24 85 89 85 53 
74 38 17 34 98 82 27 5 16 59 80 61 91 1 96 75 11 51 82 22 51 47 32 39 49 97 16 86 38 1 91 13 39 9 47 90 43 27 95 11 86 75 72 29 77 21 4 40 72 39 62 23 86 46 63 35 96 79 74 34 32 65 47 72 26 47 62 69 26 9 81 64 85 5 93 14 26 50 54 99 89 68 22 75 67 37 62 63 68 36 49 1 2 97 25 28 96 39 50 22 
48 83 38 85 88 31 51 15 81 57 14 70 26 88 97 45 78 12 8 98 48 57 51 2 6 28 31 54 67 33 28 68 16 66 5 4 98 57 71 31 14 85 54 92 26 3 37 56 15 97 54 64 7 58 66 65 86 49 72 6 82 0 74 50 19 79 7 69 36 78 0 3 64 6 47 42 10 85 98 25 34 4 41 41 14 8 59 1 9 31 7 44 83 33 46 2 12 53 71 1 
32 24 56 48 30 3 90 92 40 40 18 75 96 11 68 11 71 27 64 81 58 71 77 42 56 23 44 68 77 68 21 9 92 77 57 74 81 99 19 21 91 89 48 87 0 17 50 72 44 14 53 55 37 82 97 93 5 93 14 34 13 35 43 57 13 52 84 46 3 3 67 94 92 16 34 92 85 84 64 29 99 69 84 88 51 33 82 9 79 96 43 44 31 87 2 96 91 38 42 95 
41 10 41 33 78 75 77 63 60 42 44 11 63 81 99 15 66 81 24 45 29 67 42 13 6 96 9 98 34 52 45 75 14 86 60 44 62 37 7 74 31 3 85 95 84 36 62 51 70 38 48 99 57 90 12 64 86 74 14 20 26 11 47 92 97 7 36 11 97 95 85 28 98 22 75 83 59 89 86 29 27 34 80 85 25 93 1 63 19 15 36 45 78 83 37 75 43 25 39 92 
20 76 72 18 51 48 53 10 89 39 91 17 74 71 54 51 16 55 66 35 22 54 32 0 38 21 27 33 46 66 25 18 95 49 37 46 97 42 8 39 34 99 56 60 22 10 63 91 17 29 78 39 84 11 39 74 84 66 59 83 85 36 1 32 85 90 78 35 33 86 74 67 37 82 27 11 92 90 2 9 71 33 0 7 44 39 81 80 57 92 63 94 28 65 26 14 55 56 1 40 
94 75 59 31 57 38 43 1 80 97 62 52 30 62 59 26 1 93 7 10 85 22 5 66 39 83 32 95 40 33 87 34 8 47 18 17 85 13 18 18 10 80 70 93 42 81 19 95 26 78 5 12 53 62 30 92 98 62 39 38 95 27 24 55 26 42 72 63 55 90 81 18 22 3 11 64 85 82 11 11 13 16 75 66 31 5 58 29 67 98 19 14 77 95 69 55 38 93 18 45 
83 0 15 5 3 26 21 40 61 32 52 74 1 27 92 84 85 50 65 4 0 36 71 29 31 40 84 21 34 3 67 69 55 82 27 10 61 48 3 74 33 55 48 86 34 92 70 71 42 35 76 95 71 47 76 54 39 61 76 25 16 95 95 23 29 74 33 42 74 36 16 7 43 16 45 30 8 15 1 3 2 29 98 25 28 74 80 20 87 8 45 3 3 92 26 32 66 12 75 41 
0 91 0 96 60 46 78 68 13 79 71 16 61 21 93 89 96 25 9 35 33 7 91 36 99 69 21 18 33 48 11 86 91 11 82 51 9 60 20 23 91 91 91 4 13 84 46 61 10 7 48 43 14 39 32 66 9 5 84 42 53 95 28 44 6 62 48 16 74 68 91 66 11 82 70 76 66 68 37 28 76 86 72 90 77 56 56 86 61 40 81 66 87 9 62 94 72 10 62 46 
30 5 64 42 87 87 18 5 55 8 34 31 46 58 74 23 14 30 10 27 23 91 93 10 52 55 56 76 18 70 75 48 75 39 90 14 78 61 20 86 69 54 17 15 12 91 38 78 74 0 5 49 43 50 59 96 57 68 72 75 38 47 76 66 39 66 80 17 79 0 3 48 6 73 15 18 16 6 48 42 58 53 91 2 55 3 50 13 71 74 40 9 74 16 75 13 35 8 82 14 
60 38 15 67 63 30 37 31 88 86 74 47 91 17 49 47 20 99 12 91 25 52 53 99 69 80 64 56 88 99 22 1 89 37 68 4 20 5 35 8 43 61 55 35 79 56 34 51 7 46 43 33 98 48 84 19 28 49 75 69 0 98 70 89 87 38 93 7 95 28 68 91 42 23 26 73 80 60 24 39 6 19 72 56 67 57 76 96 58 3 65 58 53 87 47 41 25 92 0 72 
20 68 63 14 44 41 87 76 53 12 15 11 31 40 68 99 49 96 47 7 99 64 65 5 51 64 98 28 56 50 0 28 19 16 43 15 57 30 91 63 42 58 74 26 50 42 25 99 90 24 6 90 88 23 47 39 87 45 67 95 95 19 24 66 35 19 81 45 49 24 8 44 35 82 70 85 77 47 85 67 71 43 9 11 67 56 2 6 53 69 54 49 40 78 67 76 49 49 73 98 
25 81 94 12 15 16 98 92 63 35 12 86 78 21 49 45 78 51 4 83 72 58 32 13 88 0 41 37 1 14 87 78 47 82 91 62 98 89 7 14 24 19 52 54 92 2 0 22 53 56 6 78 66 38 91 54 90 84 43 43 50 82 22 97 16 13 11 67 54 70 81 78 89 85 32 82 87 84 4 93 92 10 71 58 1 14 64 43 98 59 87 0 42 9 97 58 22 60 25 76 
31 58 6 72 96 90 54 83 27 11 28 19 73 51 30 26 65 94 70 15 54 57 15 48 66 64 58 40 25 36 16 8 94 74 80 90 64 87 26 43 98 6 63 23 58 93 50 75 39 20 91 45 77 58 93 95 75 4 35 52 40 3 60 34 77 40 77 93 27 55 37 77 61 52 1 19 97 3 95 36 23 38 34 52 48 27 47 23 31 82 27 23 37 87 10 14 80 87 7 59 
94 96 37 55 48 90 27 45 45 74 34 68 64 68 72 12 47 71 88 31 5 15 54 42 55 64 56 35 3 15 46 97 12 35 5 12 77 32 10 22 58 44 42 22 12 14 86 11 85 26 42 90 94 97 32 49 13 40 36 17 8 82 14 20 70 71 84 47 3 94 70 61 90 12 83 54 79 22 66 64 48 60 7 42 9 91 43 23 84 79 40 92 14 6 64 84 78 48 83 33 
95 53 47 37 18 30 92 97 4 58 13 53 70 72 47 80 64 91 3 48 22 95 92 88 53 56 24 83 4 8 17 51 13 64 89 31 46 81 28 51 91 42 56 61 14 3 93 30 46 96 30 69 43 22 9 97 78 34 80 35 42 49 86 7 13 27 39 12 60 67 15 3 61 71 17 28 26 10 58 73 59 41 94 2 63 3 51 94 37 32 29 31 81 67 39 47 47 30 11 7 
97 26 11 11 97 80 39 75 90 49 48 49 90 94 4 6 98 55 0 87 87 29 71 21 48 62 20 95 92 31 3 41 57 66 52 6 46 43 33 36 93 82 38 35 28 42 41 26 97 41 66 37 22 89 10 71 51 30 18 95 13 21 36 22 39 41 80 85 36 13 74 81 47 64 17 76 58 10 54 55 52 72 44 26 61 54 49 12 36 68 59 1 89 48 23 81 41 55 18 77 
21 44 59 68 8 28 96 66 38 51 74 42 75 70 69 37 77 70 1 13 38 61 67 80 61 42 61 2 98 79 79 19 24 90 39 84 18 36 51 57 39 77 51 14 47 72 3 24 43 5 90 81 18 57 61 79 99 74 33 49 6 12 20 30 55 60 66 73 48 69 82 87 46 86 53 46 58 57 22 1 14 12 35 84 21 96 15 73 23 48 22 29 12 95 11 67 55 77 93 55 
47 75 94 45 13 47 91 72 56 14 73 22 78 60 58 0 57 73 73 32 21 47 61 86 94 72 53 1 49 98 56 96 26 50 42 39 50 85 11 6 99 37 81 78 97 39 30 6 13 55 38 86 2 51 72 49 23 78 50 73 76 7 21 2 57 15 94 59 1 5 66 52 94 99 82 92 38 64 50 3 19 41 42 74 92 66 23 16 44 73 41 73 80 14 27 90 30 21 49 83 
79 67 87 73 18 22 17 57 86 68 12 6 9 54 80 1 21 3 69 17 76 10 42 9 25 70 51 7 43 52 42 22 72 29 48 90 51 65 47 90 85 12 96 46 66 76 0 39 31 69 9 59 32 51 20 57 73 71 16 69 76 58 43 48 39 91 38 43 9 38 33 94 50 81 93 68 9 93 60 40 62 69 51 94 72 72 3 46 95 71 15 71 81 58 71 73 2 10 68 11 
0 53 57 2 34 50 70 43 95 82 35 58 3 86 4 76 10 60 74 6 83 41 29 65 99 1 90 53 63 58 64 63 11 74 17 97 76 87 92 72 22 27 82 25 65 38 1 76 50 27 34 34 68 63 51 68 16 41 73 31 51 90 46 62 64 63 11 92 3 3 64 25 30 46 2 95 37 56 23 87 83 57 73 52 73 24 72 41 17 45 25 68 35 71 82 51 87 93 44 90 
96 60 67 78 59 21 26 96 77 1 83 61 11 57 65 84 33 37 77 51 34 2 71 22 26 6 73 13 99 69 55 48 30 74 78 89 95 56 37 25 58 72 38 69 81 3 5 15 92 82 18 26 37 41 48 15 47 74 28 99 43 35 47 73 61 77 14 8 34 3 33 92 76 71 13 57 26 18 24 18 0 42 45 89 36 45 4 83 19 84 82 63 19 81 88 32 59 55 41 45 
58 26 89 86 50 2 44 76 20 68 95 72 63 92 62 99 89 66 34 9 3 17 24 74 98 64 7 9 19 0 6 30 26 95 16 76 97 12 53 17 33 0 90 48 44 52 47 33 70 33 42 73 50 18 0 1 83 7 62 54 7 69 84 33 64 53 62 62 65 15 79 50 67 21 98 11 25 45 44 96 31 39 21 81 57 21 34 92 80 97 47 39 18 83 25 82 36 87 96 54 
54 28 4 21 49 3 84 75 0 80 23 31 71 96 65 81 70 99 73 50 48 20 90 66 4 67 1 40 54 97 46 8 25 51 81 27 6 17 2 6 97 77 90 21 73 55 2 43 54 75 46 55 96 88 21 0 55 74 92 61 72 91 69 49 42 2 76 0 19 30 6 68 7 96 89 81 51 91 76 58 19 74 65 15 62 38 67 69 13 11 30 37 2 51 86 96 53 63 96 24 
45 55 93 53 51 34 86 55 78 14 65 97 89 30 12 51 68 31 73 33 42 3 70 45 55 57 93 60 72 90 85 17 45 30 22 48 64 8 55 94 23 20 91 64 2 55 67 23 86 40 56 29 96 27 26 3 36 19 63 60 61 0 77 58 82 52 7 99 60 14 93 35 35 85 99 89 40 67 12 27 7 69 8 55 48 86 58 36 57 22 96 71 74 25 29 57 77 88 56 90 
3 49 25 90 86 77 79 27 44 92 6 3 13 66 59 13 52 17 49 61 91 97 32 66 22 62 75 52 2 31 42 5 32 19 47 19 96 27 98 92 71 4 48 36 22 59 49 26 28 50 87 20 47 20 38 21 34 13 73 36 96 15 94 28 35 93 47 83 20 45 76 91 1 24 27 23 83 28 1 11 78 89 83 77 61 21 99 95 86 72 83 82 40 29 11 27 23 10 10 95 
56 86 87 9 62 66 85 45 47 86 9 77 27 44 55 88 66 6 35 4 30 19 39 70 0 50 97 23 12 8 19 20 46 58 30 9 76 15 6 23 53 67 1 81 12 8 69 30 14 5 34 44 76 73 67 76 75 64 0 88 24 71 8 71 29 90 32 5 57 38 81 11 6 34 92 70 42 13 0 8 18 34 52 46 60 19 23 35 36 75 75 60 46 36 83 75 26 15 32 84 
6 65 47 64 51 91 34 93 4 34 53 75 20 58 21 80 29 44 68 65 71 43 78 17 31 13 44 10 29 29 46 87 94 93 51 46 84 85 91 40 71 45 15 91 55 89 24 84 85 92 2 57 87 80 74 19 93 71 29 74 0 75 61 46 20 12 92 56 49 36 96 20 33 64 64 88 53 88 72 90 32 26 47 19 58 74 90 52 45 71 78 45 98 92 91 18 56 36 74 6 
24 23 78 57 87 94 97 40 82 21 30 14 48 30 86 6 4 76 10 1 0 89 98 98 81 41 17 89 77 43 95 1 66 26 10 53 20 7 45 55 29 28 21 77 58 7 35 14 36 46 15 88 87 65 86 68 6 55 9 84 99 5 37 17 83 48 71 55 7 68 10 36 96 84 65 6 43 1 20 31 47 87 19 34 52 6 54 11 61 15 95 12 72 84 30 55 84 53 11 92 
21 73 80 18 9 46 76 53 99 49 84 98 36 4 84 41 62 90 4 75 5 99 88 78 35 70 33 20 23 96 64 44 22 44 14 31 90 43 36 41 92 21 39 80 77 23 73 91 13 77 66 19 28 6 49 64 76 82 36 51 31 0 48 5 44 14 36 87 57 25 28 49 98 20 82 75 43 55 18 9 33 84 80 61 43 29 77 71 63 13 23 94 13 71 99 58 37 88 97 95 
13 25 96 63 45 78 38 41 34 8 2 19 92 82 80 87 63 10 59 26 23 82 21 37 5 72 47 42 12 44 89 77 21 86 40 19 16 30 12 50 38 14 21 83 96 2 70 11 12 29 37 87 63 10 24 68 83 23 63 47 19 4 25 41 90 17 12 59 48 24 9 38 38 31 21 86 85 44 97 49 73 34 36 89 45 13 9 80 88 72 79 8 77 4 1 19 74 13 78 22 
37 40 12 27 23 34 13 60 30 62 61 3 96 49 44 93 14 54 25 3 78 5 63 7 61 64 79 35 29 9 9 66 49 22 93 24 8 58 84 38 20 45 93 68 47 90 14 61 44 39 64 74 44 79 82 58 43 61 93 72 70 55 90 72 29 35 96 89 45 33 27 65 30 72 86 77 62 0 91 58 39 55 33 36 35 15 94 30 28 39 55 50 46 97 22 75 33 71 64 78 
56 43 96 38 16 82 16 30 82 59 89 73 14 74 9 1 89 55 84 69 47 91 19 93 88 94 21 21 65 85 52 21 29 48 11 97 82 27 79 64 86 20 89 53 94 51 6 35 6 42 4 5 33 24 99 74 18 20 47 35 57 99 8 38 99 19 87 33 99 67 97 37 39 39 42 34 90 49 69 48 43 26 54 29 50 5 3 20 77 50 55 34 2 15 25 1 34 12 35 33 
31 84 71 23 75 13 57 65 14 78 14 10 4 68 39 6 73 42 78 50 44 85 36 46 0 61 48 35 26 35 20 9 71 43 32 47 57 41 12 23 20 78 33 76 46 72 35 71 66 13 21 11 99 10 57 51 23 57 86 49 44 59 59 16 2 43 15 11 85 79 35 57 58 20 33 56 45 20 28 11 86 1 74 85 11 32 88 35 41 75 36 86 86 95 54 88 91 21 0 76 
0 35 33 10 7 18 67 52 39 95 16 25 96 90 62 60 74 50 47 16 77 83 54 15 31 60 4 22 33 4 98 33 91 83 96 98 53 63 3 44 10 19 21 58 9 35 18 84 38 65 52 15 49 58 31 32 70 87 54 3 43 4 88 34 87 84 84 92 99 39 37 9 58 58 68 68 94 38 4 32 4 8 99 5 18 82 37 88 69 43 43 64 47 31 50 86 68 35 78 19 
100 100
74 67 29 85 26 49 53 72 87 9 56 43 69 7 0 87 90 37 75 11 32 18 76 79 1 26 65 21 13 96 41 40 63 22 25 41 71 30 13 10 91 21 54 60 29 54 47 71 44 74 34 76 44 62 8 45 41 25 19 6 21 60 46 37 34 23 78 5 5 44 15 96 65 21 8 46 28 55 17 24 81 4 0 25 66 60 71 7 86 42 66 59 54 12 48 88 88 27 93 45 
23 60 94 88 34 2 87 62 10 4 86 91 60 38 17 27 99 40 86 37 82 52 48 36 17 97 76 57 76 69 2 99 81 96 39 15 51 26 29 61 83 15 52 43 54 21 22 5 61 9 94 95 13 94 83 82 91 59 39 19 80 94 18 14 90 58 81 93 36 11 54 19 26 59 63 32 80 37 89 94 98 83 41 12 78 77 94 21 88 86 93 69 80 11 35 22 21 16 16 58 
27 22 29 54 81 44 38 14 82 28 60 80 63 1 92 93 30 39 67 19 77 60 40 9 23 75 31 45 43 99 55 71 22 84 77 55 29 15 69 11 95 29 91 59 83 36 52 13 27 19 84 4 79 24 13 3 51 96 0 95 96 7 66 70 91 95 25 72 10 47 35 6 28 79 17 63 15 69 29 94 41 13 98 20 90 63 75 41 59 27 88 7 34 54 29 78 49 7 50 12 
54 86 70 34 65 87 50 32 8 79 26 49 44 76 22 34 39 49 28 50 77 16 10 11 23 39 89 72 98 92 36 52 78 58 39 95 97 89 27 6 20 53 7 64 29 29 99 20 79 27 70 8 95 80 19 18 72 61 43 70 5 79 75 83 90 66 78 87 55 57 93 75 10 1 91 91 82 90 11 13 69 81 21 65 14 93 35 38 6 78 8 11 10 35 94 0 1 24 39 8 
81 33 83 43 86 27 34 20 17 45 34 39 78 55 56 92 48 91 30 54 70 91 65 32 26 11 32 28 87 71 88 20 56 24 63 94 51 97 67 68 94 1 59 73 56 15 17 57 59 48 63 81 91 81 13 17 92 97 97 32 20 86 52 29 10 16 23 61 65 42 81 60 43 41 85 52 8 2 9 67 2 24 48 93 5 13 63 98 10 60 82 31 98 34 60 60 2 35 73 68 
78 55 80 21 48 17 25 8 19 86 28 74 11 28 67 16 42 82 66 52 95 48 83 93 83 95 6 37 31 79 57 61 86 89 34 86 6 60 95 78 46 75 52 9 3 71 78 45 54 44 98 49 45 33 94 80 81 0 17 64 32 75 25 18 64 59 5 23 71 52 1 70 27 5 79 30 28 57 28 82 54 26 83 99 11 30 31 92 30 48 56 14 75 33 33 92 93 90 15 16 
94 68 86 21 73 18 3 53 27 31 36 33 9 71 32 21 1 15 65 84 64 74 98 39 7 31 83 0 73 98 69 67 18 55 40 91 25 44 97 5 27 33 38 89 56 23 10 58 38 27 42 2 1 92 94 9 76 77 61 49 28 30 17 46 38 57 90 63 53 87 20 33 72 59 22 28 82 84 38 20 11 32 75 13 25 21 74 1 50 35 50 78 18 19 77 56 29 67 71 34 
6 92 67 30 51 89 58 85 73 49 5 37 81 32 2 6 53 76 59 56 63 62 34 81 81 63 89 62 82 13 97 88 57 64 18 8 6 29 45 31 78 2 20 59 35 22 18 40 50 29 96 14 91 83 47 25 46 37 87 29 2 84 69 59 1 88 19 59 69 64 90 47 66 63 58 53 85 28 94 36 58 90 2 49 25 49 74 72 38 62 53 40 98 22 51 51 10 70 10 79 
34 53 78 1 16 37 6 1 17 0 89 75 43 91 25 68 93 51 92 83 65 45 76 16 68 27 67 30 98 78 62 32 31 40 85 99 29 44 0 47 44 42 22 39 85 99 60 30 3 52 14 20 98 42 36 18 69 4 48 67 82 62 52 65 3 89 64 84 33 16 31 30 10 6 69 96 57 81 26 12 34 92 33 84 34 69 54 4 73 2 23 7 65 27 24 20 69 40 4 54 
9 88 36 19 46 58 67 55 39 94 68 73 38 1 9 73 70 63 29 96 18 4 55 35 84 32 55 5 72 11 59 33 99 96 53 97 54 20 53 45 66 21 71 5 74 80 30 96 44 59 92 14 15 0 49 99 32 4 4 56 67 16 90 67 64 95 16 70 15 69 15 34 42 86 39 16 67 21 13 63 80 57 29 47 57 78 99 41 34 3 98 1 71 40 20 35 35 37 5 2 
6 73 36 1 59 27 17 78 48 30 93 80 88 22 28 97 52 27 39 86 82 37 88 6 29 8 41 64 45 99 66 4 24 55 5 35 82 74 14 31 5 59 63 45 34 43 42 86 70 81 73 5 70 13 11 99 21 4 15 19 55 82 75 79 37 32 15 71 6 81 54 63 40 18 8 26 61 3 13 84 36 38 89 7 51 52 58 24 56 74 43 12 8 70 91 97 2 58 68 9 
39 23 24 80 41 85 58 54 88 71 38 24 61 79 83 12 31 94 37 88 20 32 52 28 3 95 77 5 54 45 66 93 68 43 25 61 28 84 16 68 55 6 92 69 86 28 81 17 74 70 57 94 55 9 74 58 5 51 15 59 96 34 52 17 77 78 78 57 62 46 25 69 53 69 38 39 97 72 8 71 94 66 65 49 75 39 59 32 90 27 91 39 61 96 56 90 74 86 47 88 
33 72 9 38 41 0 29 39 24 37 62 18 3 80 20 31 71 79 63 14 6 55 53 19 51 61 9 77 47 56 17 32 28 78 70 22 78 51 13 54 89 75 73 44 7 45 75 79 24 39 93 83 46 98 2 49 59 12 78 58 20 47 91 1 25 13 23 56 65 36 10 54 63 83 50 71 28 26 2 5 17 47 40 63 45 42 64 56 6 42 14 27 89 5 28 66 71 51 22 36 
39 33 42 2 68 92 73 49 70 75 6 87 22 46 2 19 88 18 27 95 60 42 74 1 99 2 68 70 5 90 58 44 75 0 46 44 45 72 45 67 99 51 7 74 97 61 45 85 80 73 32 92 15 6 94 66 60 14 37 17 56 47 13 32 0 12 28 45 84 73 64 35 24 71 9 21 33 55 58 13 28 43 5 95 49 51 61 62 17 50 31 74 98 45 6 98 57 86 95 93 
59 59 28 35 83 90 8 16 45 66 81 25 9 38 72 11 42 85 25 59 36 56 33 86 1 91 36 10 77 31 3 88 42 32 23 77 22 31 93 19 50 26 96 59 65 68 22 59 53 47 18 41 4 52 27 57 95 63 68 25 46 71 13 41 55 89 18 29 72 64 48 22 90 44 34 7 64 56 66 70 4 37 11 60 41 91 69 36 6 89 61 53 13 27 46 68 16 64 98 40 
80 98 63 71 43 97 30 59 5 49 29 9 86 93 21 27 84 43 15 90 32 29 95 45 8 93 66 76 10 16 16 90 14 79 13 9 28 44 69 34 45 50 95 83 43 69 10 79 12 77 70 44 58 17 42 66 11 60 42 73 76 59 63 42 90 77 52 19 73 73 5 18 75 0 1 19 69 63 98 33 92 20 30 51 90 72 17 53 84 60 26 60 71 41 2 61 18 6 32 91 
31 37 61 7 90 14 78 11 77 28 45 70 49 75 73 91 99 90 96 83 2 22 95 25 63 97 39 34 56 71 77 87 61 39 94 51 53 72 62 83 1 59 5 2 34 78 45 85 20 41 68 75 15 63 52 30 13 91 64 69 15 42 8 76 33 3 79 38 27 93 73 80 53 78 34 39 8 79 25 81 72 93 8 87 9 60 18 22 52 34 43 19 28 51 47 13 6 26 52 86 
71 25 66 76 56 53 16 16 32 41 49 5 86 57 44 47 18 14 21 22 49 64 93 29 68 40 43 74 18 95 60 89 72 79 66 80 32 82 49 64 75 98 21 13 56 18 61 26 32 82 0 33 99 93 63 67 33 58 41 51 5 54 92 29 33 58 10 65 92 11 81 19 9 55 33 17 73 94 95 57 28 47 91 27 40 6 94 25 64 88 28 69 42 21 98 75 31 60 92 24 
71 73 43 33 80 28 2 53 22 98 63 3 97 6 30 38 12 77 15 28 17 44 49 59 17 99 86 48 12 78 24 83 3 20 68 84 48 23 89 23 73 52 26 70 58 8 8 22 37 76 2 54 20 51 65 89 51 51 37 63 81 14 98 37 34 19 73 82 42 62 57 15 67 35 85 77 44 46 0 33 22 2 88 94 6 53 35 9 57 24 72 38 38 22 27 24 41 0 7 35 
15 16 50 34 52 88 11 96 86 63 29 60 18 69 6 24 75 41 33 32 65 57 70 4 79 50 28 73 50 87 8 65 4 11 51 56 51 63 4 37 26 85 97 96 7 3 20 82 96 5 14 61 14 36 65 94 86 46 19 37 33 79 54 89 90 6 97 93 21 53 82 99 39 31 96 98 34 68 80 30 26 94 44 40 82 9 86 69 55 5 58 41 37 64 30 79 22 80 73 95 
33 55 95 24 87 43 22 73 11 2 56 89 48 0 30 31 61 68 52 69 26 62 10 63 78 92 42 1 72 67 96 58 23 43 82 62 86 5 35 50 59 43 39 60 95 21 43 57 42 95 26 68 9 88 31 87 32 25 88 57 93 37 15 16 80 97 30 19 54 65 69 14 61 60 74 56 34 17 13 76 64 91 44 73 31 27 60 64 52 1 73 97 90 88 13 22 37 95 41 92 
61 62 6 74 75 32 30 61 1 96 37 65 39 33 90 71 12 2 87 16 3 60 14 45 48 79 68 85 75 61 77 88 76 35 62 3 19 44 64 20 40 53 37 80 38 79 3 2 82 90 18 37 50 84 83 98 16 3 35 91 16 65 79 44 52 93 99 24 37 63 44 30 68 34 62 58 13 65 12 47 55 83 85 5 67 20 55 83 23 90 26 91 7 57 36 60 50 35 84 40 
51 80 22 71 66 84 82 32 49 94 79 56 77 64 61 97 84 68 32 59 10 59 51 18 16 39 30 19 26 66 11 29 98 33 53 65 17 35 97 18 81 28 74 59 45 87 8 29 7 40 41 17 99 92 87 68 83 69 87 9 35 50 91 34 83 44 51 0 79 0 70 60 28 44 71 73 83 79 55 90 72 96 7 23 40 47 91 75 16 30 36 4 80 27 38 63 71 41 15 2 
41 85 15 21 81 86 95 64 18 2 54 90 98 14 13 90 13 57 65 29 87 1 33 20 29 23 35 52 64 3 55 57 40 70 79 22 8 74 38 26 76 45 68 26 11 82 16 24 91 81 53 78 82 39 50 63 62 86 16 79 41 71 36 81 93 15 3 1 41 94 28 69 91 48 95 2 30 63 26 21 44 31 52 79 22 54 42 85 92 10 16 33 33 52 15 26 20 70 80 61 
64 60 31 55 8 78 9 39 42 87 12 86 19 16 17 41 71 12 78 63 22 94 49 56 99 64 34 19 34 14 32 51 74 63 58 83 42 68 74 84 55 38 22 26 55 40 68 78 52 98 93 26 45 42 34 44 58 69 15 93 83 47 44 10 11 2 45 5 22 19 41 78 9 63 4 16 55 24 94 59 75 40 38 20 34 72 64 93 41 31 38 77 78 82 39 41 36 84 46 11 
3 39 41 12 55 97 29 62 74 75 22 49 67 60 69 2 84 85 47 26 16 85 55 94 19 94 36 7 78 34 18 33 26 11 97 81 9 78 43 83 6 17 32 73 29 1 27 14 86 26 92 54 11 47 48 82 93 36 42 23 23 12 8 49 24 5 30 33 36 25 68 42 43 0 67 24 53 47 38 91 73 30 45 37 29 45 19 74 34 61 97 57 74 5 6 50 63 88 83 99 
65 3 41 60 3 60 85 8 7 75 51 81 6 96 18 87 93 89 62 27 3 59 84 29 17 42 79 80 82 14 79 0 17 72 60 72 32 97 80 40 73 31 21 79 79 91 18 24 80 80 52 35 92 88 64 9 83 95 89 65 9 68 17 78 40 78 50 72 75 82 64 0 65 85 79 96 28 50 21 9 30 73 96 74 13 61 83 96 8 24 14 18 44 31 48 36 61 99 61 89 
33 25 89 99 11 21 47 91 71 68 52 53 93 49 28 7 62 63 3 70 88 69 40 32 1 89 69 14 88 30 3 73 55 93 24 18 14 72 62 85 40 14 90 86 63 18 93 25 82 48 96 22 70 36 6 71 77 75 85 65 57 41 91 65 34 15 35 0 87 97 37 80 12 27 66 27 46 11 53 80 11 1 54 81 89 60 4 67 88 42 84 45 83 75 62 17 43 98 69 30 
47 6 10 59 33 28 87 31 39 92 63 3 45 17 84 86 78 89 53 66 31 90 63 66 17 26 35 60 76 4 43 23 10 5 35 95 34 74 27 25 18 90 28 63 60 65 49 38 6 55 56 89 97 71 55 14 97 90 27 73 94 70 49 56 75 84 51 61 58 78 39 76 21 19 91 81 84 92 71 42 47 79 31 44 50 38 11 0 28 90 25 74 60 74 30 87 10 34 1 20 
64 40 48 85 11 39 18 48 32 89 90 31 20 74 76 71 12 39 23 93 29 48 67 41 75 50 80 85 84 33 6 48 73 54 86 37 94 4 85 78 46 27 9 66 1 37 89 14 76 12 7 57 61 26 50 36 76 83 73 12 16 79 13 42 86 99 79 32 3 16 10 1 43 71 68 45 9 9 11 37 22 70 47 35 96 97 23 25 80 96 89 49 28 2 91 14 53 22 46 9 
38 8 10 81 79 30 78 40 40 41 78 14 11 25 49 60 74 72 37 7 20 26 56 48 81 99 62 86 21 60 95 59 20 6 92 52 88 23 92 80 64 70 94 28 95 43 40 70 67 77 29 88 55 85 36 88 84 51 75 57 63 70 68 84 28 60 36 69 35 80 49 52 51 44 80 98 87 72 20 7 49 49 95 56 86 83 45 70 34 72 27 98 42 95 34 23 8 22 92 95 
2 41 47 5 37 79 56 77 51 76 84 0 78 79 9 64 62 6 35 49 78 14 47 72 62 33 95 70 7 39 65 9 33 65 67 22 44 23 99 96 51 83 48 29 14 57 94 77 63 81 78 93 47 77 66 9 10 13 31 17 5 49 78 90 14 45 12 10 20 12 58 72 95 7 1 62 16 47 39 32 28 17 25 76 94 43 37 56 57 21 25 14 70 3 4 36 1 16 46 21 
80 5 93 76 64 47 38 32 94 29 64 75 98 42 3 44 85 40 52 94 61 77 60 83 32 64 19 33 33 18 7 13 75 52 41 39 99 31 71 94 60 88 69 10 30 72 6 67 64 58 14 78 87 74 61 20 39 81 5 72 51 12 37 26 65 79 17 64 10 88 10 23 76 31 85 58 55 92 78 20 2 92 98 42 66 11 62 57 92 67 29 95 32 19 21 97 98 38 13 8 
79 76 83 7 7 69 18 63 13 96 35 15 88 85 57 54 96 71 12 41 91 93 36 23 12 10 72 62 0 37 23 79 13 6 39 73 27 57 88 40 53 23 56 41 60 65 47 56 89 11 49 80 57 86 55 21 48 27 84 48 64 59 80 78 65 19 51 93 28 91 33 81 14 41 74 74 59 73 82 48 37 32 80 94 70 35 67 18 62 3 66 78 62 98 8 80 69 11 25 97 
2 10 30 68 4 56 94 63 82 77 63 19 61 95 65 31 30 32 49 44 88 67 22 50 18 83 30 87 94 7 37 97 18 67 65 22 76 12 37 58 89 0 29 2 95 94 33 77 78 34 21 66 53 95 17 71 78 99 11 25 7 48 22 25 67 39 99 43 51 36 53 92 36 82 94 83 76 79 60 55 13 33 21 19 80 90 42 59 42 53 36 49 53 10 26 21 49 25 16 53 
61 70 97 49 4 44 84 81 23 44 88 89 29 61 60 9 52 2 20 46 8 56 47 61 66 73 34 68 50 3 73 63 25 22 12 29 66 96 62 42 92 50 31 73 12 91 34 16 45 7 62 53 15 9 67 34 34 53 2 36 8 27 99 33 49 63 63 68 11 25 10 3 28 93 28 92 36 62 8 81 21 22 87 37 83 6 71 17 11 25 53 20 52 52 5 53 15 20 21 26 
98 31 81 26 24 61 18 60 75 78 94 97 0 33 34 83 39 5 0 2 30 5 22 34 9 28 87 76 48 9 54 46 92 87 24 17 48 42 29 23 72 75 20 72 8 6 55 99 11 7 2 93 64 76 27 73 4 15 49 5 76 3 3 68 90 80 37 90 74 19 14 47 94 86 19 55 93 27 54 56 86 56 2 51 85 29 24 89 96 26 46 24 29 2 93 72 82 30 14 56 
1 80 55 96 67 75 51 12 54 57 20 40 66 22 91 51 4 16 92 52 42 91 77 23 93 70 47 27 52 62 35 54 42 91 2 61 66 5 25 20 62 46 60 28 20 4 31 76 20 24 29 14 15 58 89 60 28 37 87 32 51 22 38 93 13 40 7 31 45 32 3 60 30 16 40 3 20 72 31 92 48 60 6 63 18 95 23 98 84 62 83 35 36 21 81 50 14 40 33 11 
72 37 71 55 5 64 10 25 36 41 17 84 2 75 99 72 22 74 23 7 36 6 94 72 79 27 74 93 67 8 57 92 97 80 47 2 44 57 79 80 98 96 16 52 71 15 77 93 41 52 52 77 58 99 2 89 26 76 35 94 36 92 86 33 72 33 87 69 42 66 1 92 14 18 97 37 85 26 83 27 78 35 56 88 34 58 77 13 87 64 7 23 56 93 9 81 78 96 50 72 
15 51 16 29 21 13 19 59 91 2 38 69 89 94 57 76 5 87 89 92 51 48 15 60 41 24 41 71 73 43 95 40 46 11 21 20 77 40 79 68 94 17 90 84 11 47 60 16 86 1 60 90 49 76 50 42 52 43 65 77 86 60 17 84 23 91 4 52 31 83 21 26 52 11 62 16 10 22 84 49 75 45 39 24 21 89 18 73 84 83 3 70 95 20 6 18 11 11 71 95 
46 44 73 99 7 35 15 17 9 99 18 84 44 57 60 17 98 78 43 82 61 46 52 56 18 11 26 82 22 49 77 20 93 50 19 0 85 86 70 94 38 88 30 34 98 90 52 96 68 95 79 81 93 83 89 11 94 15 93 68 65 70 89 10 72 60 63 9 47 33 55 37 73 85 71 71 27 23 68 47 70 99 28 63 82 17 27 77 85 20 45 2 43 34 12 15 47 75 25 94 
60 80 83 86 18 54 57 45 30 77 45 0 76 73 16 59 43 43 88 28 15 33 82 58 20 94 26 67 70 51 13 82 83 96 68 53 2 78 51 32 7 96 85 36 69 53 47 64 96 35 44 11 20 26 22 92 21 48 11 43 51 24 77 86 72 46 40 75 76 91 59 83 87 44 71 8 49 18 25 45 5 69 9 78 96 83 70 69 31 82 64 82 58 41 68 31 39 60 58 15 
51 69 51 90 14 74 51 15 93 76 61 50 45 22 28 93 5 99 62 36 33 26 70 91 20 90 74 59 51 32 27 54 2 30 97 68 4 48 83 49 24 96 0 21 18 28 15 75 27 29 63 12 56 85 4 28 76 78 87 79 11 66 85 65 96 82 85 1 30 68 50 6 17 50 28 87 31 95 63 10 24 78 23 80 64 27 60 92 5 48 71 68 14 56 85 63 91 70 64 73 
91 14 80 8 17 60 95 48 55 10 58 79 89 81 12 5 60 72 97 18 72 20 38 87 28 24 50 19 46 66 93 37 32 25 97 1 85 45 49 40 7 60 19 96 93 83 53 6 56 2 24 28 22 62 67 51 86 69 22 33 35 15 22 20 40 20 21 77 17 23 17 24 35 89 73 28 72 26 34 28 29 10 9 3 73 76 54 11 98 29 96 33 96 19 5 89 91 27 66 8 
2 84 32 37 73 5 65 45 84 52 26 13 62 35 16 87 63 23 99 61 4 95 47 0 14 52 89 57 31 56 65 33 92 50 70 65 55 88 62 39 92 40 4 54 27 73 94 91 48 93 4 52 88 3 52 55 8 42 64 39 50 30 25 42 32 47 59 87 35 21 79 79 14 35 86 41 60 80 84 8 73 89 60 13 92 65 20 0 59 85 92 9 67 69 3 99 16 62 38 4 
35 69 83 49 5 69 43 65 49 27 74 74 68 86 88 61 3 8 13 62 45 57 23 12 26 26 63 43 40 2 47 76 71 82 77 28 52 20 46 1 0 20 76 68 58 16 81 62 76 47 76 22 4 0 86 83 26 2 26 19 4 25 95 27 7 24 8 11 45 54 65 97 26 41 65 84 9 99 98 85 46 75 59 50 27 98 33 53 0 11 72 56 88 19 83 48 44 91 11 41 
45 76 38 23 69 55 8 78 54 58 16 0 33 75 3 60 73 88 66 73 52 90 81 40 62 17 40 58 60 52 99 6 28 89 81 98 44 89 28 99 0 44 51 33 20 54 46 45 43 64 71 47 6 52 87 68 69 80 26 30 32 77 88 12 66 69 62 63 11 91 14 11 35 65 96 7 72 94 53 67 58 76 14 17 28 53 37 50 33 64 80 17 93 20 30 12 89 44 75 52 
35 89 63 23 6 60 82 78 6 87 45 65 63 11 34 44 65 71 94 98 87 26 68 81 46 50 93 87 94 20 40 82 9 3 57 67 15 39 46 22 79 43 39 42 55 73 86 20 96 32 70 84 58 38 65 4 88 10 92 35 30 32 17 91 87 26 58 55 65 56 77 44 0 68 39 55 93 77 75 89 10 97 73 68 36 90 73 76 52 65 63 34 49 80 25 36 6 36 91 24 
92 20 20 92 40 59 99 33 37 26 75 47 24 48 15 12 91 40 40 43 57 4 78 6 36 55 95 95 43 38 19 36 59 39 80 51 51 32 85 40 58 60 87 34 60 54 98 3 95 39 47 52 95 77 11 31 84 6 26 28 44 97 16 55 89 48 7 40 32 44 80 91 56 19 77 16 73 76 20 20 67 19 25 62 48 88 93 84 94 72 64 90 69 32 98 58 81 57 50 13 
1 30 56 57 1 86 25 27 62 97 47 29 68 24 43 68 12 36 53 58 60 69 1 30 2 99 40 35 56 91 0 9 21 57 18 75 95 95 2 57 45 49 38 13 26 81 34 38 69 39 49 30 8 50 12 10 49 52 97 57 43 98 66 17 7 36 92 2 31 94 11 76 95 49 42 21 82 76 12 3 15 61 85 75 11 97 86 60 50 35 17 93 33 35 62 40 23 54 94 54 
48 5 83 44 6 25 65 40 53 29 96 20 90 81 95 1 79 33 61 81 69 30 74 54 17 89 47 40 43 41 47 92 99 82 88 57 59 5 98 12 35 94 32 25 75 79 27 6 13 40 87 82 23 14 36 92 3 83 85 46 77 32 90 76 66 30 33 25 36 83 37 23 77 21 0 5 0 79 63 65 20 51 47 95 65 36 87 20 71 24 18 48 8 9 24 74 91 10 99 79 
93 88 2 23 61 3 80 62 82 43 27 54 46 27 49 63 15 89 83 86 13 2 35 74 63 11 48 6 73 48 86 19 88 88 42 50 43 74 64 26 69 43 32 16 70 34 79 85 75 15 24 40 69 59 14 32 22 63 38 96 63 76 15 51 65 9 1 8 35 17 86 4 61 71 72 83 5 4 21 80 19 45 20 88 56 35 72 78 50 62 26 13 39 93 64 56 54 18 16 89 
35 3 46 48 74 70 32 31 74 5 11 93 50 83 33 58 70 57 88 20 20 67 33 11 60 50 67 15 68 83 56 55 38 54 56 64 25 40 95 99 45 58 45 47 42 78 57 64 88 45 85 8 12 18 71 25 20 38 92 40 73 48 96 12 55 4 28 80 44 76 31 41 34 76 40 28 7 97 93 95 94 30 55 59 0 26 84 21 16 76 61 89 76 9 53 31 13 34 63 9 
10 95 2 96 23 94 77 30 43 22 77 38 52 84 97 52 10 33 73 78 9 35 68 37 96 73 69 10 7 32 71 17 79 74 14 3 20 43 85 64 65 15 2 69 99 51 21 62 36 47 40 97 34 8 34 30 82 55 92 41 88 64 59 19 90 25 22 10 68 8 74 85 23 28 54 74 31 27 36 67 74 77 64 8 37 99 39 71 54 83 13 94 47 24 14 37 1 88 0 21 
48 74 6 23 55 12 98 86 39 86 54 14 15 70 74 53 69 65 76 76 49 41 22 96 17 36 86 18 77 38 39 25 12 97 1 19 9 99 6 49 85 12 15 1 82 89 6 52 55 34 80 56 28 2 52 45 91 90 16 68 28 7 45 93 5 46 12 66 97 70 15 35 82 82 36 65 72 94 69 79 80 49 35 8 3 39 6 94 82 74 14 62 81 60 55 86 58 20 53 56 
90 20 91 25 3 79 42 27 25 11 6 57 12 93 18 15 84 24 62 66 98 76 29 31 88 36 70 99 8 75 7 51 95 50 76 50 81 18 77 6 81 35 63 93 80 81 60 65 57 74 83 7 51 64 91 91 53 61 42 61 36 49 12 83 99 40 86 80 58 15 38 39 3 54 84 83 87 45 0 97 19 36 4 22 0 47 66 53 8 8 67 96 10 79 80 61 20 66 94 30 
81 84 22 84 38 6 20 78 3 72 75 75 8 31 49 9 79 67 14 87 28 81 84 38 13 16 51 85 34 45 67 67 30 89 4 20 48 24 98 3 96 25 30 5 57 80 66 88 99 32 27 27 66 63 17 79 79 69 16 65 66 83 33 96 25 37 69 73 61 67 76 9 45 7 66 54 39 32 42 38 17 69 18 83 33 35 14 64 56 30 30 23 65 63 71 90 0 40 15 13 
60 44 22 5 3 89 59 94 73 1 84 90 22 2 25 55 90 39 72 46 21 2 21 39 17 93 81 17 33 97 82 93 93 56 50 48 45 9 42 71 62 26 13 85 81 39 92 23 30 64 69 4 18 91 43 35 84 24 4 69 73 86 63 18 95 65 66 40 75 60 63 37 39 29 74 20 20 67 43 50 83 64 54 54 7 49 89 43 26 46 13 99 84 28 18 79 93 36 72 20 
97 35 10 36 16 84 56 36 3 51 39 39 67 93 93 75 95 82 70 21 80 35 20 65 63 90 44 9 27 68 81 76 4 91 12 72 28 20 9 31 23 48 22 90 93 15 17 88 50 40 61 30 75 82 95 91 24 92 0 3 60 81 79 16 25 43 89 53 63 50 36 38 98 59 81 91 74 50 32 24 90 93 7 66 27 54 9 4 46 9 7 59 42 39 27 19 34 68 72 50 
18 9 88 16 20 69 60 94 20 44 71 10 89 78 28 17 32 37 21 31 98 80 90 93 71 69 12 6 38 37 8 56 98 96 25 18 18 37 64 90 81 35 52 22 65 81 39 98 70 12 81 21 45 23 14 68 92 78 26 30 67 34 39 17 83 16 35 1 53 52 91 86 39 43 8 5 76 0 3 47 64 84 20 61 7 34 30 51 64 56 34 84 43 73 1 26 89 89 79 94 
41 70 32 80 65 92 85 94 92 40 93 9 76 13 70 35 99 0 87 63 9 21 47 4 46 1 30 87 90 61 33 31 83 65 63 48 57 1 42 2 41 87 11 18 0 33 5 99 86 44 63 95 65 62 99 63 63 81 50 5 42 83 36 25 0 52 25 58 53 20 12 94 7 75 64 8 8 22 59 94 66 74 41 32 37 92 47 52 25 98 58 19 33 46 44 34 98 22 44 51 
42 56 98 1 83 14 61 91 36 21 38 3 95 31 87 84 24 34 37 1 84 47 21 18 93 17 4 44 39 48 47 33 56 45 87 39 60 48 82 48 69 72 51 17 4 38 1 80 25 38 81 9 37 2 79 31 72 83 27 11 83 74 97 91 72 84 82 84 32 65 32 54 89 84 71 93 74 72 25 99 63 7 61 0 61 40 83 33 76 10 97 59 37 46 51 9 30 85 93 14 
2 25 20 92 61 43 37 88 16 63 39 31 22 0 31 35 41 67 21 17 77 70 28 66 16 31 75 98 17 68 64 19 46 85 11 7 28 1 47 96 64 87 27 38 87 11 73 80 78 94 97 7 64 78 74 32 9 1 30 26 70 95 98 68 32 9 27 12 62 75 9 26 62 88 64 49 51 90 30 81 84 79 89 1 57 15 33 19 16 64 45 38 11 43 6 43 5 86 55 67 
61 16 46 23 5 62 24 56 52 6 90 89 86 79 90 95 46 75 14 14 91 12 5 2 7 63 97 12 49 5 32 10 73 30 85 78 92 62 87 97 68 29 86 6 8 28 54 6 55 68 72 47 32 29 1 40 93 51 4 94 56 36 57 29 18 42 60 11 4 99 60 25 28 98 31 88 78 85 46 33 6 70 32 38 0 34 78 93 37 83 87 93 71 44 74 90 39 86 53 95 
37 65 20 17 63 52 57 41 89 55 26 95 26 59 34 26 45 64 71 82 99 10 75 71 7 1 13 46 40 18 93 29 35 14 99 98 18 56 91 7 64 17 3 90 76 89 68 21 5 91 3 5 1 30 28 60 84 93 58 76 63 52 5 98 66 56 96 84 13 39 91 29 56 46 71 85 87 91 58 93 82 14 50 35 96 78 96 80 23 54 8 86 6 66 84 24 22 80 8 87 
71 52 16 27 50 87 64 38 78 23 83 12 89 85 48 85 63 44 18 38 50 26 24 57 92 8 81 15 40 42 2 11 94 71 90 96 58 55 86 89 30 69 1 19 6 49 4 21 45 74 59 96 1 83 5 45 43 38 12 83 80 67 46 26 38 37 75 48 92 61 37 74 83 91 93 89 92 49 11 38 76 70 86 29 6 91 74 49 81 39 33 14 6 31 92 44 68 67 92 12 
29 82 86 12 73 31 53 65 33 64 55 9 87 41 90 93 84 64 94 18 55 79 32 61 11 24 57 79 44 2 44 73 84 30 37 9 14 90 26 99 7 82 8 94 75 98 39 12 14 33 30 22 65 62 83 76 38 93 7 82 95 51 7 31 34 44 40 0 35 18 99 94 0 59 88 28 9 79 40 75 64 70 97 29 84 33 57 74 26 65 9 21 16 16 4 2 61 96 2 48 
14 1 42 15 60 82 95 21 13 35 97 77 5 94 7 41 27 64 15 53 81 24 26 50 93 30 52 54 26 7 54 41 8 48 8 21 82 3 42 95 90 39 72 47 34 31 88 13 48 55 67 29 32 45 79 25 76 84 79 54 91 85 47 99 85 7 72 67 62 15 62 52 6 86 99 92 18 39 6 18 95 25 47 27 70 79 52 98 63 83 53 54 20 52 53 5 60 78 24 22 
45 38 75 51 24 26 96 94 66 54 12 13 79 12 92 1 91 96 0 54 79 5 8 51 57 13 8 69 91 32 92 88 70 19 92 46 97 88 93 63 42 57 28 73 69 20 26 12 16 78 66 47 83 26 98 93 40 6 62 83 90 6 72 12 25 64 59 23 4 4 38 98 61 67 23 83 39 49 95 8 28 62 55 63 40 6 56 80 64 71 16 55 77 40 19 3 56 78 78 60 
82 68 10 96 87 33 79 27 82 74 87 10 88 94 26 29 0 82 61 17 53 77 24 83 69 43 86 25 74 16 37 56 84 47 52 72 80 83 51 15 58 38 77 46 32 3 27 85 86 89 2 91 18 78 74 88 21 12 13 95 80 51 4 65 50 8 89 83 92 92 98 2 30 75 48 14 79 28 99 17 17 53 60 35 31 87 23 53 51 89 0 32 92 56 49 42 65 38 25 9 
30 75 11 12 51 11 26 82 39 78 51 8 31 11 44 63 98 19 68 50 8 20 34 52 77 83 47 94 73 72 3 3 0 14 67 3 77 93 85 69 23 36 77 55 99 21 18 50 41 38 0 1 58 34 54 87 69 1 81 42 25 84 97 77 50 64 80 80 9 65 49 33 53 26 40 53 48 58 55 41 48 55 94 58 41 0 46 62 53 27 4 31 64 53 8 66 17 89 46 78 
6 95 63 60 22 3 65 22 13 20 15 61 27 9 72 20 62 18 82 15 45 38 46 61 91 55 28 60 96 74 90 2 22 54 14 96 9 31 18 23 3 85 36 82 46 8 2 8 26 36 24 24 26 22 37 69 77 65 29 73 92 20 28 14 26 42 62 35 74 32 58 29 17 47 12 63 55 66 72 34 3 48 10 81 70 47 51 0 65 80 25 9 52 53 75 78 48 37 14 74 
69 24 3 86 71 15 1 27 82 25 13 37 73 75 70 96 74 21 96 39 54 73 48 6 79 75 85 27 12 99 53 81 23 8 19 47 76 73 26 10 98 39 99 24 14 69 20 40 91 68 80 45 41 80 3 72 56 88 51 20 39 4 54 15 65 25 62 41 98 88 51 97 79 2 21 45 71 93 85 14 61 17 59 54 98 63 27 6 3 30 78 95 35 32 10 52 58 24 93 8 
64 96 5 43 98 78 40 21 71 25 36 84 95 47 91 45 62 70 51 66 0 81 61 87 14 23 39 24 47 84 32 11 32 90 6 30 20 46 4 92 23 40 28 18 87 19 63 2 41 66 68 42 48 81 81 14 4 73 90 51 57 74 14 90 64 72 72 85 18 76 29 93 68 9 12 8 81 27 10 22 46 30 16 94 11 98 60 15 71 50 18 80 24 84 70 41 56 95 26 26 
23 7 19 44 16 83 52 97 63 14 20 9 44 88 55 7 86 15 22 9 65 92 90 41 76 12 82 84 59 60 10 83 19 81 79 36 65 31 85 28 97 57 37 93 46 44 0 32 59 74 94 76 66 84 17 94 48 52 30 8 64 40 43 84 21 22 20 38 5 57 18 2 15 7 95 61 51 95 45 10 69 39 38 87 75 8 33 24 60 63 84 76 55 27 60 28 49 32 67 54 
90 37 8 5 45 3 18 96 50 63 59 71 55 49 10 82 57 43 6 69 58 42 46 13 69 58 41 70 91 60 24 33 98 84 90 43 39 8 91 41 23 2 12 30 4 74 13 61 69 71 83 27 14 81 92 83 39 34 6 82 94 30 15 44 67 57 39 6 17 83 48 93 37 12 23 41 87 88 55 56 60 38 36 26 19 28 61 10 14 67 93 61 50 60 5 17 70 97 23 87 
80 71 32 17 84 56 59 23 96 14 31 8 4 19 34 23 48 48 85 14 15 30 75 17 43 33 34 13 30 10 52 62 81 85 79 17 93 90 40 89 4 24 50 60 43 36 35 43 84 21 58 52 51 85 69 46 70 4 11 52 66 64 14 47 1 46 17 94 36 9 35 93 33 85 53 77 22 89 72 58 10 30 10 13 68 80 12 38 36 23 43 2 87 57 1 40 3 18 34 92 
80 22 85 13 59 38 42 33 79 67 92 89 97 54 55 17 34 67 8 22 42 51 76 82 60 78 22 16 48 9 8 80 31 93 46 90 83 88 76 63 55 68 4 5 22 59 74 9 78 82 83 21 85 60 55 46 90 77 62 90 86 70 71 69 15 17 60 98 57 88 61 65 56 18 22 30 29 48 91 60 31 27 33 16 39 88 62 29 65 76 71 52 46 94 21 61 63 33 12 73 
21 25 90 29 43 64 12 73 12 3 33 43 82 66 12 21 54 26 2 71 3 74 75 49 20 49 63 36 34 75 9 56 0 99 37 96 63 1 69 75 5 54 71 39 72 83 61 78 61 63 49 64 89 25 66 10 26 29 46 60 56 7 68 8 58 6 4 73 7 25 0 64 79 71 4 3 6 17 81 68 80 31 84 22 8 50 32 34 79 30 46 35 89 15 44 47 73 0 20 32 
26 20 49 57 44 53 61 50 22 42 70 2 25 55 24 85 5 8 71 37 90 70 24 79 85 20 26 58 21 98 90 47 19 91 4 15 96 17 17 18 12 88 73 89 95 49 27 52 58 98 41 0 68 66 80 5 86 58 15 7 9 58 6 80 49 63 95 46 80 12 64 92 52 37 82 99 87 9 4 97 59 45 97 80 63 29 85 50 40 1 9 49 59 68 81 8 31 76 54 11 
40 71 56 45 8 90 96 95 99 0 44 10 98 42 42 61 23 28 63 63 81 25 64 92 93 97 0 24 73 7 87 66 78 43 63 38 33 59 86 84 12 30 47 10 24 89 23 48 17 39 63 50 64 80 42 57 77 95 33 3 2 20 21 32 16 84 70 49 95 56 86 7 39 33 17 63 22 41 63 92 80 79 94 96 11 37 5 88 32 90 43 86 10 16 70 78 0 92 28 96 
49 66 3 40 99 73 3 73 66 19 17 98 98 12 94 9 49 51 49 33 41 93 71 51 9 41 82 62 33 62 10 34 28 65 74 79 38 30 52 4 49 70 54 47 34 48 8 35 99 57 68 92 2 91 96 64 84 78 26 69 40 36 4 68 1 30 47 92 12 51 48 61 73 3 60 7 3 68 42 55 78 62 47 80 53 43 44 37 21 22 7 61 58 63 81 12 45 28 56 58 
32 4 71 5 7 32 13 63 52 7 18 30 70 17 63 75 61 7 13 34 30 72 96 40 87 29 4 84 58 60 42 90 65 66 47 24 50 12 87 2 20 57 85 90 75 48 65 88 7 30 22 37 54 70 30 93 0 34 78 10 95 72 52 12 38 99 88 88 64 28 43 84 85 28 26 12 28 43 52 35 74 27 25 80 97 55 74 49 89 4 11 36 76 15 48 67 67 37 7 31 
65 50 15 2 30 41 67 58 84 19 46 10 46 71 43 96 26 17 97 15 73 9 4 1 24 52 68 91 41 76 22 58 78 89 13 9 82 80 19 67 99 65 29 98 36 72 94 62 41 43 30 14 52 34 68 29 38 36 20 80 64 95 90 43 36 3 4 19 35 23 38 87 89 67 85 77 92 31 40 33 74 22 0 79 56 68 8 94 56 80 26 21 27 69 64 64 72 20 83 60 
43 21 47 84 40 84 62 32 15 54 18 41 76 70 72 32 90 80 78 46 13 57 67 40 26 83 56 50 55 39 10 99 12 9 35 5 93 97 37 60 3 7 54 79 77 26 63 67 59 94 66 72 51 85 64 77 21 21 79 76 12 42 75 77 51 11 82 45 60 71 5 64 79 59 95 8 86 59 28 97 53 46 69 4 31 33 33 52 6 64 81 71 6 8 48 58 71 30 55 32 
53 60 48 84 72 43 93 10 2 73 7 7 19 28 63 50 13 48 55 20 13 36 91 71 44 91 29 16 73 36 0 26 49 48 11 21 43 56 83 98 81 42 5 0 70 69 2 83 69 9 55 82 45 98 6 42 89 35 10 62 24 62 41 73 62 4 94 5 60 77 3 41 71 9 93 41 30 47 76 99 57 84 34 54 82 40 96 24 27 58 38 51 20 79 24 82 83 70 40 95 
99 43 88 70 4 81 63 34 29 40 86 38 24 72 92 58 64 41 82 91 99 73 95 72 4 71 6 88 42 46 35 93 90 24 64 94 57 27 81 38 67 19 76 43 91 69 2 7 10 36 98 61 9 45 33 14 17 92 54 11 38 41 4 80 65 20 75 75 48 8 13 67 79 42 63 70 11 65 77 73 53 27 34 15 25 20 81 42 12 87 5 50 28 9 83 46 30 58 73 30 
18 86 97 97 28 12 19 91 29 48 64 83 27 51 50 52 71 31 46 35 70 51 85 98 13 20 96 43 78 69 25 48 56 74 97 36 87 16 80 16 16 44 51 44 95 1 96 18 84 95 53 54 46 91 53 11 11 49 6 42 71 31 90 79 6 88 15 93 56 47 61 73 92 13 69 39 66 17 58 51 12 63 5 11 54 10 22 18 12 29 60 83 60 2 62 18 42 29 63 99 
77 25 24 21 90 93 60 56 10 70 7 75 86 65 86 40 75 8 58 39 89 70 22 50 73 36 20 15 66 84 66 43 61 42 64 51 35 76 59 98 99 19 73 85 84 59 25 11 19 36 51 9 58 25 11 31 62 31 99 80 67 17 23 28 60 39 31 47 67 91 45 66 10 70 51 94 29 29 57 1 65 60 62 23 86 73 7 0 56 58 80 24 75 55 4 35 46 36 83 13 
79 80 80 89 51 31 35 32 60 44 33 77 5 95 53 43 20 12 43 77 70 75 53 97 82 9 33 28 97 68 41 76 48 73 65 99 57 52 84 17 97 17 47 2 65 52 97 85 16 40 14 86 67 19 83 49 29 68 29 26 36 22 3 37 96 20 88 53 25 72 22 22 42 21 76 7 25 73 92 41 65 59 79 32 78 63 33 7 83 14 86 72 36 41 61 32 61 49 37 38 
74 60 60 16 33 88 23 59 61 67 0 26 26 80 10 5 95 95 64 30 9 50 2 46 91 63 30 5 65 68 43 39 80 56 55 65 44 78 24 58 45 77 84 24 9 47 29 4 42 93 34 4 96 89 50 39 52 32 96 17 0 92 56 32 48 63 98 44 41 74 2 39 51 39 15 12 86 44 16 80 89 3 84 85 92 86 25 96 19 21 14 71 13 22 56 13 86 6 58 79 
80 60 70 84 99 85 96 37 81 65 18 71 68 2 8 12 41 33 8 60 7 74 31 72 97 87 38 35 93 96 14 26 8 37 10 60 22 58 97 56 23 67 27 43 22 35 7 63 21 16 75 80 90 6 52 39 46 90 26 91 38 41 17 99 30 79 59 4 90 8 60 13 28 87 9 50 75 16 65 96 84 40 76 27 98 80 18 44 71 45 36 61 38 5 60 68 85 71 72 75 
32 85 40 60 72 1 62 99 70 27 95 54 19 71 33 17 52 52 62 75 97 50 88 35 55 49 55 92 72 79 19 4 64 60 64 89 13 26 88 83 5 84 90 24 7 23 42 11 27 56 38 24 58 27 11 65 28 66 10 0 46 29 5 10 41 21 51 55 0 40 90 5 24 80 82 83 56 76 95 83 84 85 60 94 12 71 59 40 90 21 93 36 51 50 98 92 71 50 99 23 
42 90 81 66 70 63 1 78 91 48 62 27 34 74 21 46 45 32 39 35 54 32 23 5 82 74 49 5 76 49 29 18 39 10 36 61 25 37 92 68 86 6 95 72 80 16 18 25 48 9 13 54 41 88 59 75 14 61 33 90 10 62 60 1 24 96 14 1 86 6 69 24 12 16 96 92 84 14 70 32 76 35 39 17 75 98 45 90 11 78 32 21 92 93 74 68 89 41 69 27 
99 90 51 64 58 47 8 42 14 78 26 90 65 65 59 41 64 4 83 27 34 15 1 26 60 75 94 2 68 15 29 68 57 81 32 15 80 92 57 94 23 84 36 88 49 96 81 65 52 16 93 87 32 94 13 92 21 8 94 90 75 76 10 33 57 94 48 89 86 6 84 9 42 72 50 91 68 31 57 73 48 2 60 32 48 73 76 69 33 23 11 9 99 73 42 8 67 42 97 6 
48 33 15 90 58 17 34 78 1 43 51 1 45 11 33 45 37 61 14 22 36 78 31 35 51 25 95 71 20 45 77 20 30 44 63 88 62 97 67 63 92 18 16 89 82 1 34 19 62 0 41 99 78 25 86 82 2 34 53 22 31 82 95 61 26 58 2 40 55 21 55 99 39 71 88 73 72 22 44 87 22 86 38 53 63 24 35 17 10 88 92 41 70 87 55 48 45 57 89 52 
78 96 51 69 68 39 43 92 13 39 79 35 77 17 88 40 94 23 10 56 63 2 98 85 41 5 86 38 62 27 42 92 23 45 13 43 36 8 36 49 48 67 36 25 85 77 18 31 52 28 87 16 82 37 53 75 94 39 65 8 66 7 0 42 52 66 85 40 74 21 41 22 89 77 0 26 54 18 9 7 98 48 75 80 38 80 7 32 72 72 41 90 31 93 32 35 59 18 75 86 
91 16 8 32 45 60 10 0 78 19 59 76 20 86 8 58 18 67 42 90 39 35 81 70 81 65 5 40 83 32 78 27 48 39 59 94 99 22 46 78 93 57 6 13 95 67 23 13 86 66 56 26 53 37 48 34 2 6 27 38 90 5 17 39 44 76 85 44 50 83 74 44 92 32 57 87 51 33 52 38 51 8 16 4 97 16 39 52 74 18 90 65 23 59 56 68 35 41 64 38 
76 90 82 68 74 91 55 26 24 7 16 75 68 84 80 65 0 71 17 75 89 59 92 64 18 48 84 6 89 0 44 17 90 26 85 65 17 92 43 94 51 59 69 19 43 1 85 95 72 54 22 13 14 14 78 84 62 14 42 3 15 86 20 5 64 57 22 34 49 17 28 53 28 97 72 23 99 9 19 23 64 93 89 30 8 19 66 22 33 9 26 48 95 98 6 12 8 80 46 57 
98 74 62 26 23 35 50 74 96 21 50 60 14 39 42 22 10 61 45 95 70 23 96 17 73 2 29 81 34 75 91 32 1 53 11 25 40 13 99 37 34 1 49 0 92 92 23 2 53 20 98 75 95 94 92 68 48 22 2 82 49 93 67 51 46 78 28 87 43 79 24 77 81 25 77 73 69 52 76 22 24 26 49 71 20 42 40 68 16 42 2 65 87 69 68 33 99 96 72 42 
